-1978,821,553
-1963,1935,184
-1954,627,600
-1930,2096,1619
-1927,1929,151
-1921,1941,1738
-1890,1052,1650
-1859,2112,1683
-1858,1993,159
-1852,724,518
-1781,971,1702
-1774,1043,1643
-1251,1475,985
-1143,1543,813
-892,524,684
-876,649,763
-875,747,754
-838,591,734
-823,892,662
-797,1676,-489
-789,900,-551
-771,755,572
-754,1668,-535
-737,844,-557
-726,2084,179
-693,2079,136
-689,845,-530
-673,1669,-372
-661,-816,-575
-654,811,-514
-651,2199,1488
-637,836,1563
-635,885,-684
-621,2135,433
-618,-824,-621
-614,2231,1322
-610,1961,121
-607,2194,1539
-606,1088,87
-600,1098,87
-584,868,-557
-583,2163,404
-563,-1971,-1540
-539,1045,165
-537,-823,-458
-511,-1826,-1632
-497,907,1512
-485,-357,347
-481,2181,467
-459,-1963,-1722
-455,-898,-706
-448,-1846,-340
-447,-329,318
-436,-1921,-420
-419,523,622
-392,831,1542
-386,-912,-705
-377,-804,-735
-367,668,530
-356,-1941,-314
-345,-311,381
-334,-890,-799
-315,531,440
-309,-583,-1861
-300,-944,325
-281,620,-689
-280,-847,-681
-271,-555,-1890
-237,-853,-739
-198,587,-646
-179,661,-816
-169,-537,-1827
-163,1384,21
-150,-1015,257
-110,-862,320
7,-33,-71
140,-1510,-1037
202,-1345,-1117
254,1817,-707
260,561,-477
268,1904,-815
272,677,889
287,1791,520
296,483,936
323,1785,487
332,-83,-149
361,654,-531
390,-675,-793
392,1849,495
398,580,854
404,-588,-901
408,1865,-804
423,-701,434
432,485,-491
443,580,662
455,729,728
459,-707,401
474,580,667
528,-643,409
544,-627,-890
553,345,-567
564,392,-477
584,-2041,-1405
599,-927,-1774
608,-2235,-1358
630,319,-379
632,-766,-339
635,-933,-1807
641,-921,-220
666,-717,296
672,-1810,-308
686,-791,351
697,-559,321
703,-750,-275
704,-869,-1799
710,-2138,-1440
716,337,-609
728,453,757
752,259,804
781,-1891,-256
788,-1819,-315
817,430,-663
854,356,722
888,261,-623
1006,-840,-551
1096,-916,-547
1166,-842,-480